## Novel TLRs: sTLR18, sTLR25a, sTLR25b, nTLR25, sTLR27																											
## Blind set TLRS: ATLR9, aTLR18 																											
Gene_name	%GC	Gene length	Protein length	Age	Tau	Specific tissue	Average gene exp levels	Binding site percentage	Unique domain number	Domain numbers total	LRR domain numbers	LRR domain length total	Biosynthesis	Transport	Transporter activity	Development	Transcription	Translation	Defense response	Immune response	Cell division	Regulation of transcription	Core functions	Regulatory functions	%Disorder	%Exposed LRR	%Buried LRR
sTLR18	48.69	3.78024528386535	2.90741136077459	645	0.642289976809729	1	1.32896371373046	13.8614	3	5	3	151	0	0	0	1	1	0	1	3	0	1	2	5	0.866336633663366	29.5139	33.6806
sTLR25a	39.74	3.37529773821734	2.89762709129044	411	0.678600069791113	1	0.53327996080596	11.2516	3	4	2	117	0	0	0	1	1	0	1	3	0	1	2	5	0.379266750948167	28.5968	33.3925
sTLR25b	40.42	3.39776625612645	2.92012332629072	411	0.56875518822578	1	2.25588311670098	10.2163	3	4	2	76	0	0	0	1	1	0	1	3	0	1	2	5	0.480769230769231	28	33.913
nTLR25	39.91	3.7041505168398	2.90091306773767	411	0.936958255720337	2	0.847488236883368	12.0603	2	2	2	116	0	0	0	1	1	0	1	2	0	1	2	4	0.628140703517588	28.9425	34.3228
sTLR27	41.05	3.37254380075907	2.89486965674525	645	0.941836032202795	7	0.082540644740307	12.4682	4	4	2	134	0	0	0	1	1	0	1	4	0	1	2	6	0.381679389312977	27.3852	34.0989
aTLR9	43.83	3.79574102086924	3.03059972196595	544	1	7	0.006288073603163	7.2897	2	3	2	111	0	0	0	0	1	0	0	1	0	1	1	2	1.21155638397018	31.4149	33.0935
aTLR18	48.18	3.45591024038274	2.96894968098134	645	0.548810503468758	0	1.18466188731694	9.4828	3	4	2	106	0	0	0	0	1	0	0	1	0	1	1	2	5.15574650912997	26.6436	34.2561
